2147476614
2147476516
2147473822
2147470643
2147470599
2147465394
2147460852
2147460517
2147460432
2147458188
2147456909
2147453168
2147451786
2147448250
2147445513
2147443139
2147439672
2147435901
2147434647
2147432912
2147431753
2147426691
2147426236
2147417134
2147412295
2147410792
2147408232
2147401946
2147400807
2147399689
2147394862
2147392248
2147390090
2147389810
2147388728
2147384438
2147379499
2147375682
2147375378
2147374688
2147371305
2147369237
2147366263
2147365245
2147364825
2147362785
2147355267
2147355241
2147353728
2147352800
2147348230
2147345128
2147344415
2147343528
2147342582
