2147483641
2147483557
2147483491
2147483297
2147483047
2147482961
2147482843
2147482834
2147482779
2147482497
2147482270
2147481760
2147481644
2147481578
2147481395
2147481346
2147481288
2147481056
2147480344
2147480115
2147479875
2147479838
2147479139
2147479107
2147479060
2147478845
2147478600
2147478413
2147478282
2147478105
2147477895
2147477759
2147476669
2147476663
2147476462
2147476446
2147476299
2147475955
2147475829
2147475719
2147475203
2147475115
2147474913
2147474597
2147473809
2147473121
2147473075
2147472968
2147472480
2147472279
2147472065
2147472021
2147471525
2147471319
2147471283
2147470710
2147470422
2147470067
2147469857
2147469603
2147469573
2147468938
2147468889
2147468806
2147468697
2147468416
2147468125
2147468050
2147468020
2147467834
2147467695
2147467388
2147467337
2147466819
2147466208
2147466197
2147465972
2147465895
2147465677
2147465584
2147465462
2147465277
2147464888
2147464751
2147464637
2147464483
2147463813
2147463657
2147463614
2147463605
2147463539
2147463165
2147462750
2147462075
2147462028
2147462015
2147461588
2147461457
2147461436
2147460967
